$ 3 0.000005 10.20027730826997 50 5 50 5e-11
r 224 224 224 320 0 1000
r 224 320 224 416 0 1000
r 224 416 224 496 0 1000
r 224 496 224 592 0 1000
r 224 592 224 688 0 1000
r 224 224 224 128 0 1000
r 224 688 224 800 0 1000
r 224 128 224 48 0 1000
g 224 800 224 832 0 0
R 224 48 224 16 0 0 40 5 0 0 0.5
w 224 128 352 128 0
w 224 224 352 224 0
w 224 320 352 320 0
w 224 416 352 416 0
w 224 496 352 496 0
w 224 592 352 592 0
w 224 688 352 688 0
a 352 144 464 144 8 15 -15 1000000 4.375 0.5313301575668743 100000
a 352 240 464 240 8 15 -15 1000000 3.75 0.5313301575668743 100000
a 352 432 464 432 8 15 -15 1000000 2.4999999999999987 0.5313301575668743 100000
a 352 336 464 336 8 15 -15 1000000 3.124999999999999 0.5313301575668743 100000
a 352 512 464 512 8 15 -15 1000000 1.8749999999999991 0.5313301575668743 100000
a 352 608 464 608 8 15 -15 1000000 1.2499999999999996 0.5313301575668743 100000
a 352 704 464 704 8 15 -15 1000000 0.6249999999999997 0.5313301575668743 100000
w 352 720 352 624 0
w 352 624 352 528 0
w 352 528 352 448 0
w 352 448 352 352 0
w 352 352 352 256 0
w 352 256 352 160 0
w 352 160 352 -64 0
w 352 -64 -128 -64 0
w -128 -64 -128 400 0
w -128 400 16 400 0
w 16 400 16 576 0
r 16 576 16 688 0 11890
g 16 688 16 752 0 0
w 16 400 16 288 0
374 16 288 16 160 0 0.0001 Light\sBrightness
R 16 160 16 96 0 0 40 5 0 0 0.5
154 704 664 768 664 1 7 0 5
154 728 560 800 560 1 3 0 5
w 464 704 688 704 0
w 688 704 688 688 0
w 688 688 704 688 0
w 704 680 464 680 0
w 464 680 464 608 0
w 704 672 480 672 0
w 480 672 480 512 0
w 464 512 480 512 0
w 464 432 496 432 0
w 496 432 496 664 0
w 704 664 496 664 0
w 704 656 512 656 0
w 512 656 512 336 0
w 464 336 512 336 0
w 464 240 552 240 0
w 552 240 552 648 0
w 704 648 552 648 0
w 704 640 576 640 0
w 576 632 576 168 0
w 576 168 576 144 0
w 464 144 576 144 0
w 576 632 576 640 0
w 464 608 680 608 0
w 680 608 680 568 0
w 680 568 728 568 0
w 496 432 632 432 0
w 632 432 632 560 0
w 632 560 728 560 0
w 552 240 664 240 0
w 664 240 664 552 0
w 728 552 664 552 0
w 800 560 904 560 0
w 768 664 880 664 0
w 880 664 880 584 0
w 880 584 904 584 0
w 632 432 880 432 0
w 880 432 880 536 0
w 880 536 904 536 0
38 -1 F1 0 1 1000 -1 Slider\sText
38 38 F1 0 1 1000 -1 Slider\sText
